4.242182800000000000e+07 -7.397621200000000385e+01 4.072532600000000258e+01
4.242183700000000000e+07 -7.397531440000000202e+01 4.072654459999999688e+01
4.242354900000000000e+07 -7.397471409999999992e+01 4.072105129999999917e+01
4.242848300000000000e+07 -7.399128899999999476e+01 4.073244900000000257e+01
4.242848900000000000e+07 -7.399111399999999605e+01 4.073321399999999670e+01
4.242849100000000000e+07 -7.399094499999999641e+01 4.073397800000000046e+01
4.242849300000000000e+07 -7.399071680000000129e+01 4.073478049999999939e+01
4.243087200000000000e+07 -7.399035089999999570e+01 4.073128069999999923e+01
4.243088600000000000e+07 -7.398905290000000434e+01 4.073072379999999981e+01
4.243089800000000000e+07 -7.398681200000000047e+01 4.072977900000000062e+01
4.243090300000000000e+07 -7.398443960000000175e+01 4.072878260000000239e+01
4.243091400000000000e+07 -7.398222800000000632e+01 4.072784599999999955e+01
4.243092400000000000e+07 -7.397990599999999972e+01 4.072686600000000112e+01
4.243093800000000000e+07 -7.397753640000000530e+01 4.072588290000000200e+01
4.243094200000000000e+07 -7.397516400000000658e+01 4.072487699999999933e+01
4.243094500000000000e+07 -7.397351740000000575e+01 4.072418220000000133e+01
4.243414000000000000e+07 -7.398989969999999516e+01 4.072956109999999796e+01
4.243414200000000000e+07 -7.398766510000000096e+01 4.072860430000000065e+01
4.243414800000000000e+07 -7.398309000000000424e+01 4.072666600000000159e+01
4.243419400000000000e+07 -7.399097179999999696e+01 4.072922059999999789e+01
4.243419600000000000e+07 -7.399034439999999790e+01 4.072894000000000148e+01
4.243419700000000000e+07 -7.398979669999999942e+01 4.072870720000000233e+01
4.243420100000000000e+07 -7.398811460000000295e+01 4.072799200000000042e+01
4.243420500000000000e+07 -7.398575300000000254e+01 4.072698799999999864e+01
4.243421500000000000e+07 -7.398353500000000338e+01 4.072605300000000028e+01
4.243422600000000000e+07 -7.398121100000000183e+01 4.072507300000000185e+01
4.243423300000000000e+07 -7.397884689999999352e+01 4.072407640000000129e+01
4.243423700000000000e+07 -7.397647700000000270e+01 4.072307800000000100e+01
4.243435200000000000e+07 -7.398877699999999891e+01 4.073396420000000262e+01
4.243491900000000000e+07 -7.399162549999999783e+01 4.072459070000000025e+01
4.243492100000000000e+07 -7.399139239999999518e+01 4.072505850000000294e+01
4.243693900000000000e+07 -7.398986800000000130e+01 4.073352799999999974e+01
4.243694100000000000e+07 -7.398768330000000049e+01 4.073260410000000320e+01
4.243694200000000000e+07 -7.398544400000000110e+01 4.073165800000000303e+01
4.243694300000000000e+07 -7.398306440000000350e+01 4.073065340000000134e+01
4.243694400000000000e+07 -7.398085799999999779e+01 4.072972500000000196e+01
4.243694700000000000e+07 -7.397853600000000540e+01 4.072874600000000100e+01
4.243694900000000000e+07 -7.397735260000000324e+01 4.072825319999999749e+01
4.243695700000000000e+07 -7.397617970000000298e+01 4.072775450000000319e+01
4.243733300000000000e+07 -7.398986999999999625e+01 4.072558200000000284e+01
4.243733900000000000e+07 -7.398750200000000632e+01 4.072458400000000012e+01
4.243734300000000000e+07 -7.398528600000000210e+01 4.072364900000000176e+01
4.243734600000000000e+07 -7.398296399999999551e+01 4.072267099999999829e+01
4.243734900000000000e+07 -7.398060759999999902e+01 4.072167830000000066e+01
4.243735400000000000e+07 -7.397823099999999386e+01 4.072067400000000248e+01
4.243900100000000000e+07 -7.397803050000000269e+01 4.072944040000000143e+01
4.244040100000000000e+07 -7.398379029999999545e+01 4.072154619999999881e+01
4.244072100000000000e+07 -7.398990560000000016e+01 4.073443910000000301e+01
4.244072900000000000e+07 -7.398718180000000189e+01 4.073329269999999980e+01
4.244073700000000000e+07 -7.398494100000000628e+01 4.073234699999999719e+01
4.244074300000000000e+07 -7.398255699999999990e+01 4.073135649999999686e+01
4.244283600000000000e+07 -7.399122730000000558e+01 4.072380429999999762e+01
4.244283800000000000e+07 -7.399090440000000513e+01 4.072418540000000320e+01
4.244284200000000000e+07 -7.399084550000000604e+01 4.072426469999999910e+01
4.244284300000000000e+07 -7.399033839999999884e+01 4.072493920000000145e+01
4.244284800000000000e+07 -7.398942900000000122e+01 4.072618800000000050e+01
4.244285000000000000e+07 -7.398897829999999942e+01 4.072679970000000083e+01
4.244285100000000000e+07 -7.398853490000000477e+01 4.072740759999999938e+01
4.244285700000000000e+07 -7.398724199999999485e+01 4.072918789999999944e+01
4.244286200000000000e+07 -7.398637420000000020e+01 4.073038180000000352e+01
4.244287000000000000e+07 -7.398590900000000659e+01 4.073101900000000342e+01
4.244312700000000000e+07 -7.399102729999999895e+01 4.072374260000000135e+01
4.244329600000000000e+07 -7.398967759999999316e+01 4.072986379999999684e+01
4.244329800000000000e+07 -7.398892630000000281e+01 4.072991199999999878e+01
4.244351300000000000e+07 -7.398845059999999307e+01 4.072326369999999685e+01
4.244379900000000000e+07 -7.399022689999999614e+01 4.072812389999999994e+01
4.244482700000000000e+07 -7.398617600000000039e+01 4.072640899999999675e+01
4.244482900000000000e+07 -7.398395800000000122e+01 4.072547300000000092e+01
4.244483200000000000e+07 -7.398163700000000631e+01 4.072449399999999997e+01
4.244483300000000000e+07 -7.397926590000000147e+01 4.072349729999999823e+01
4.244483500000000000e+07 -7.397689300000000401e+01 4.072249800000000164e+01
4.244483700000000000e+07 -7.397477050000000531e+01 4.072161930000000041e+01
4.244652800000000000e+07 -7.399002699999999777e+01 4.073275600000000196e+01
4.244653300000000000e+07 -7.398814980000000219e+01 4.073196370000000144e+01
4.244654700000000000e+07 -7.398353600000000085e+01 4.073001909999999981e+01
4.244655200000000000e+07 -7.398132499999999823e+01 4.072908600000000234e+01
4.244656200000000000e+07 -7.397899800000000425e+01 4.072810599999999681e+01
4.244657100000000000e+07 -7.397662950000000137e+01 4.072710370000000069e+01
4.244658400000000000e+07 -7.397426900000000671e+01 4.072610900000000100e+01
4.244743500000000000e+07 -7.398463950000000011e+01 4.072180389999999761e+01
4.244901700000000000e+07 -7.398948550000000068e+01 4.073012980000000027e+01
4.244902100000000000e+07 -7.398487500000000239e+01 4.072819400000000201e+01
4.244902300000000000e+07 -7.398265700000000322e+01 4.072726099999999860e+01
4.244902700000000000e+07 -7.398033300000000168e+01 4.072628100000000018e+01
4.244902900000000000e+07 -7.397797479999999837e+01 4.072528960000000353e+01
4.244903800000000000e+07 -7.397559800000000507e+01 4.072428299999999979e+01
4.244988600000000000e+07 -7.398861460000000534e+01 4.073132569999999930e+01
4.245160400000000000e+07 -7.398545780000000605e+01 4.072205220000000025e+01
4.245166500000000000e+07 -7.399024249999999370e+01 4.072349599999999725e+01
4.245171200000000000e+07 -7.397494880000000705e+01 4.072033420000000348e+01
4.245310400000000000e+07 -7.399020319999999629e+01 4.073196449999999658e+01
4.245315600000000000e+07 -7.398143319999999790e+01 4.072368730000000170e+01
4.245315800000000000e+07 -7.397971549999999752e+01 4.072288410000000169e+01
4.245316000000000000e+07 -7.397734599999999716e+01 4.072188500000000033e+01
4.245316600000000000e+07 -7.398662299999999448e+01 4.072579600000000255e+01
4.245317500000000000e+07 -7.398440429999999424e+01 4.072486099999999709e+01
4.245317700000000000e+07 -7.398208300000000293e+01 4.072388200000000325e+01
4.245360100000000000e+07 -7.398796799999999507e+01 4.072394200000000097e+01
4.245360400000000000e+07 -7.398575200000000507e+01 4.072300899999999757e+01
4.245360700000000000e+07 -7.398344400000000576e+01 4.072201900000000308e+01
4.245361000000000000e+07 -7.398108139999999366e+01 4.072102269999999891e+01
4.245361300000000000e+07 -7.397872049999999433e+01 4.072000080000000111e+01
4.245439100000000000e+07 -7.397507090000000574e+01 4.071899770000000274e+01
4.245499400000000000e+07 -7.398399870000000078e+01 4.072937300000000249e+01
4.245499700000000000e+07 -7.398179000000000372e+01 4.072844599999999815e+01
4.245500700000000000e+07 -7.397946899999999459e+01 4.072746800000000178e+01
4.245501300000000000e+07 -7.397709829999999442e+01 4.072647059999999897e+01
4.245503900000000000e+07 -7.398625619999999969e+01 4.072229449999999673e+01
4.245505100000000000e+07 -7.398483699999999885e+01 4.072426899999999961e+01
4.245508300000000000e+07 -7.398252399999999795e+01 4.072327800000000053e+01
4.245517500000000000e+07 -7.398015610000000208e+01 4.072228100000000239e+01
4.245518100000000000e+07 -7.397840689999999597e+01 4.072469310000000320e+01
4.245539600000000000e+07 -7.397778800000000388e+01 4.072127700000000061e+01
4.245541200000000000e+07 -7.397602999999999440e+01 4.072368900000000025e+01
4.245586700000000000e+07 -7.398705300000000307e+01 4.072520300000000049e+01
4.245633100000000000e+07 -7.398784879999999475e+01 4.072275909999999755e+01
2.743420210000000000e+08 -7.397415680000000293e+01 4.072444999999999737e+01
2.743420240000000000e+08 -7.397450440000000071e+01 4.072459580000000301e+01
3.708933960000000000e+08 -7.397634089999999674e+01 4.071919780000000344e+01
3.708933970000000000e+08 -7.397543539999999496e+01 4.071901129999999824e+01
5.925092220000000000e+08 -7.397999140000000295e+01 4.072039350000000013e+01
5.954076480000000000e+08 -7.399040970000000073e+01 4.073100190000000254e+01
1.773082410000000000e+09 -7.399253410000000031e+01 4.072419829999999763e+01
1.773084391000000000e+09 -7.399214659999999810e+01 4.072523549999999659e+01
1.773084402000000000e+09 -7.399154479999999978e+01 4.072709460000000092e+01
1.773084405000000000e+09 -7.399172919999999465e+01 4.072636279999999687e+01
1.773084407000000000e+09 -7.399199980000000210e+01 4.072562959999999777e+01
1.773084410000000000e+09 -7.399228990000000294e+01 4.072486839999999830e+01
1.773121034000000000e+09 -7.399122810000000072e+01 4.072776319999999828e+01
1.919595922000000000e+09 -7.398124529999999766e+01 4.072077399999999869e+01
1.989931095000000000e+09 -7.397264869999999348e+01 4.072625529999999827e+01
1.991212114000000000e+09 -7.397299399999999991e+01 4.072660570000000035e+01
2.324482224000000000e+09 -7.398076799999999764e+01 4.072568499999999858e+01
3.624790934000000000e+09 -7.397379899999999964e+01 4.072675199999999762e+01
3.655974176000000000e+09 -7.397673249999999712e+01 4.071927850000000149e+01
3.716628973000000000e+09 -7.397302070000000640e+01 4.072641589999999923e+01
3.783071109000000000e+09 -7.398296200000000056e+01 4.072129489999999663e+01
3.783071112000000000e+09 -7.398211139999999375e+01 4.072103680000000026e+01
3.884582044000000000e+09 -7.397789389999999798e+01 4.071982179999999829e+01
3.892037906000000000e+09 -7.398751289999999869e+01 4.073006629999999717e+01
4.015190382000000000e+09 -7.399077990000000682e+01 4.072835800000000006e+01
4.235734223000000000e+09 -7.398863070000000164e+01 4.072978700000000174e+01
4.235734225000000000e+09 -7.398858149999999512e+01 4.072993970000000274e+01
4.301088429000000000e+09 -7.397334990000000232e+01 4.072598479999999910e+01
4.301088438000000000e+09 -7.397307279999999707e+01 4.072582820000000225e+01
4.301088465000000000e+09 -7.397412699999999575e+01 4.072630319999999671e+01
4.301088471000000000e+09 -7.397647000000000617e+01 4.072701279999999713e+01
4.301308531000000000e+09 -7.397649710000000312e+01 4.072153240000000096e+01
4.478001045000000000e+09 -7.398709259999999688e+01 4.072253849999999886e+01
4.500033344000000000e+09 -7.399074620000000380e+01 4.073144390000000215e+01
4.500033348000000000e+09 -7.399109249999999349e+01 4.073158659999999998e+01
4.806876058000000000e+09 -7.397756230000000244e+01 4.072924280000000152e+01
5.147744247000000000e+09 -7.397598329999999578e+01 4.072803040000000152e+01
5.147744248000000000e+09 -7.397646410000000117e+01 4.072823950000000082e+01
5.357086126000000000e+09 -7.399046479999999804e+01 4.073293919999999702e+01
5.357086127000000000e+09 -7.399056389999999794e+01 4.073279029999999779e+01
5.481912001000000000e+09 -7.398449639999999761e+01 4.073164299999999827e+01
5.481912002000000000e+09 -7.398470620000000508e+01 4.073134660000000196e+01
5.481937326000000000e+09 -7.398757179999999778e+01 4.072585420000000056e+01
5.481937328000000000e+09 -7.398754839999999433e+01 4.072600889999999652e+01
5.481937329000000000e+09 -7.398790940000000660e+01 4.072615760000000051e+01
5.481937330000000000e+09 -7.398780680000000132e+01 4.072630050000000068e+01
5.481937336000000000e+09 -7.398941550000000689e+01 4.072820620000000247e+01
5.481937338000000000e+09 -7.398942529999999351e+01 4.072854929999999740e+01
5.481969219000000000e+09 -7.397652890000000525e+01 4.072170940000000172e+01
5.481976924000000000e+09 -7.397410419999999931e+01 4.072668449999999751e+01
5.481976926000000000e+09 -7.397458290000000147e+01 4.072666360000000196e+01
5.481976927000000000e+09 -7.397426110000000676e+01 4.072653509999999955e+01
5.481976931000000000e+09 -7.397502350000000604e+01 4.072642340000000161e+01
5.481979121000000000e+09 -7.397684130000000380e+01 4.072167540000000230e+01
5.798966629000000000e+09 -7.398862110000000314e+01 4.072298560000000123e+01
6.100764861000000000e+09 -7.399136769999999785e+01 4.072756540000000314e+01
7.145875534000000000e+09 -7.397805529999999408e+01 4.072854579999999913e+01
7.145875535000000000e+09 -7.397783669999999745e+01 4.072884919999999909e+01
7.480301865000000000e+09 -7.398874569999999551e+01 4.072302439999999990e+01
7.490266268000000000e+09 -7.398530700000000593e+01 4.072759899999999789e+01
