42421828 -73.976212 40.725326
42421837 -73.975314 40.726545
42423549 -73.974714 40.721051
42428483 -73.991289 40.732449
42428489 -73.991114 40.733214
42428491 -73.990945 40.733978
42428493 -73.990717 40.734780
42430872 -73.990351 40.731281
42430886 -73.989053 40.730724
42430898 -73.986812 40.729779
42430903 -73.984440 40.728783
42430914 -73.982228 40.727846
42430924 -73.979906 40.726866
42430938 -73.977536 40.725883
42430942 -73.975164 40.724877
42430945 -73.973517 40.724182
42434140 -73.989900 40.729561
42434142 -73.987665 40.728604
42434148 -73.983090 40.726666
42434194 -73.990972 40.729221
42434196 -73.990344 40.728940
42434197 -73.989797 40.728707
42434201 -73.988115 40.727992
42434205 -73.985753 40.726988
42434215 -73.983535 40.726053
42434226 -73.981211 40.725073
42434233 -73.978847 40.724076
42434237 -73.976477 40.723078
42434352 -73.988777 40.733964
42434919 -73.991625 40.724591
42434921 -73.991392 40.725059
42436939 -73.989868 40.733528
42436941 -73.987683 40.732604
42436942 -73.985444 40.731658
42436943 -73.983064 40.730653
42436944 -73.980858 40.729725
42436947 -73.978536 40.728746
42436949 -73.977353 40.728253
42436957 -73.976180 40.727755
42437333 -73.989870 40.725582
42437339 -73.987502 40.724584
42437343 -73.985286 40.723649
42437346 -73.982964 40.722671
42437349 -73.980608 40.721678
42437354 -73.978231 40.720674
42439001 -73.978031 40.729440
42440401 -73.983790 40.721546
42440721 -73.989906 40.734439
42440729 -73.987182 40.733293
42440737 -73.984941 40.732347
42440743 -73.982557 40.731356
42442836 -73.991227 40.723804
42442838 -73.990904 40.724185
42442842 -73.990846 40.724265
42442843 -73.990338 40.724939
42442848 -73.989429 40.726188
42442850 -73.988978 40.726800
42442851 -73.988535 40.727408
42442857 -73.987242 40.729188
42442862 -73.986374 40.730382
42442870 -73.985909 40.731019
42443127 -73.991027 40.723743
42443296 -73.989678 40.729864
42443298 -73.988926 40.729912
42443513 -73.988451 40.723264
42443799 -73.990227 40.728124
42444827 -73.986176 40.726409
42444829 -73.983958 40.725473
42444832 -73.981637 40.724494
42444833 -73.979266 40.723497
42444835 -73.976893 40.722498
42444837 -73.974771 40.721619
42446528 -73.990027 40.732756
42446533 -73.988150 40.731964
42446547 -73.983536 40.730019
42446552 -73.981325 40.729086
42446562 -73.978998 40.728106
42446571 -73.976630 40.727104
42446584 -73.974269 40.726109
42447435 -73.984640 40.721804
42449017 -73.989486 40.730130
42449021 -73.984875 40.728194
42449023 -73.982657 40.727261
42449027 -73.980333 40.726281
42449029 -73.977975 40.725290
42449038 -73.975598 40.724283
42449886 -73.988615 40.731326
42451604 -73.985458 40.722052
42451665 -73.990242 40.723496
42451712 -73.974949 40.720334
42453104 -73.990203 40.731964
42453156 -73.981433 40.723687
42453158 -73.979715 40.722884
42453160 -73.977346 40.721885
42453166 -73.986623 40.725796
42453175 -73.984404 40.724861
42453177 -73.982083 40.723882
42453601 -73.987968 40.723942
42453604 -73.985752 40.723009
42453607 -73.983444 40.722019
42453610 -73.981081 40.721023
42453613 -73.978720 40.720001
42454391 -73.975071 40.718998
42454994 -73.983999 40.729373
42454997 -73.981790 40.728446
42455007 -73.979469 40.727468
42455013 -73.977098 40.726471
42455039 -73.986256 40.722294
42455051 -73.984837 40.724269
42455083 -73.982524 40.723278
42455175 -73.980156 40.722281
42455181 -73.978407 40.724693
42455396 -73.977788 40.721277
42455412 -73.976030 40.723689
42455867 -73.987053 40.725203
42456331 -73.987849 40.722759
274342021 -73.974157 40.724450
274342024 -73.974504 40.724596
370893396 -73.976341 40.719198
370893397 -73.975435 40.719011
592509222 -73.979991 40.720394
595407648 -73.990410 40.731002
1773082410 -73.992534 40.724198
1773084391 -73.992147 40.725235
1773084402 -73.991545 40.727095
1773084405 -73.991729 40.726363
1773084407 -73.992000 40.725630
1773084410 -73.992290 40.724868
1773121034 -73.991228 40.727763
1919595922 -73.981245 40.720774
1989931095 -73.972649 40.726255
1991212114 -73.972994 40.726606
2324482224 -73.980768 40.725685
3624790934 -73.973799 40.726752
3655974176 -73.976732 40.719279
3716628973 -73.973021 40.726416
3783071109 -73.982962 40.721295
3783071112 -73.982111 40.721037
3884582044 -73.977894 40.719822
3892037906 -73.987513 40.730066
4015190382 -73.990780 40.728358
4235734223 -73.988631 40.729787
4235734225 -73.988581 40.729940
4301088429 -73.973350 40.725985
4301088438 -73.973073 40.725828
4301088465 -73.974127 40.726303
4301088471 -73.976470 40.727013
4301308531 -73.976497 40.721532
4478001045 -73.987093 40.722538
4500033344 -73.990746 40.731444
4500033348 -73.991092 40.731587
4806876058 -73.977562 40.729243
5147744247 -73.975983 40.728030
5147744248 -73.976464 40.728240
5357086126 -73.990465 40.732939
5357086127 -73.990564 40.732790
5481912001 -73.984496 40.731643
5481912002 -73.984706 40.731347
5481937326 -73.987572 40.725854
5481937328 -73.987548 40.726009
5481937329 -73.987909 40.726158
5481937330 -73.987807 40.726301
5481937336 -73.989416 40.728206
5481937338 -73.989425 40.728549
5481969219 -73.976529 40.721709
5481976924 -73.974104 40.726684
5481976926 -73.974583 40.726664
5481976927 -73.974261 40.726535
5481976931 -73.975024 40.726423
5481979121 -73.976841 40.721675
5798966629 -73.988581 40.722970
6100764861 -73.991368 40.727565
7145875534 -73.978055 40.728546
7145875535 -73.977837 40.728849
7480301865 -73.988746 40.723024
7490266268 -73.985307 40.727599